time	time	departures_all	arrivals_all	stuck_all	en-route_all	departures_bike	arrivals_bike	stuck_bike	en-route_bike	departures_car	arrivals_car	stuck_car	en-route_car	departures_pt	arrivals_pt	stuck_pt	en-route_pt	departures_walk	arrivals_walk	stuck_walk	en-route_walk
00:00:00	0	0	0	0	0	0	0	0	0	0	0	0	0	0	0	0	0	0	0	0	0
00:05:00	300	0	0	0	0	0	0	0	0	0	0	0	0	0	0	0	0	0	0	0	0
00:10:00	600	0	0	0	0	0	0	0	0	0	0	0	0	0	0	0	0	0	0	0	0
00:15:00	900	0	0	0	0	0	0	0	0	0	0	0	0	0	0	0	0	0	0	0	0
00:20:00	1200	0	0	0	0	0	0	0	0	0	0	0	0	0	0	0	0	0	0	0	0
00:25:00	1500	0	0	0	0	0	0	0	0	0	0	0	0	0	0	0	0	0	0	0	0
00:30:00	1800	0	0	0	0	0	0	0	0	0	0	0	0	0	0	0	0	0	0	0	0
00:35:00	2100	0	0	0	0	0	0	0	0	0	0	0	0	0	0	0	0	0	0	0	0
00:40:00	2400	0	0	0	0	0	0	0	0	0	0	0	0	0	0	0	0	0	0	0	0
00:45:00	2700	0	0	0	0	0	0	0	0	0	0	0	0	0	0	0	0	0	0	0	0
00:50:00	3000	0	0	0	0	0	0	0	0	0	0	0	0	0	0	0	0	0	0	0	0
00:55:00	3300	0	0	0	0	0	0	0	0	0	0	0	0	0	0	0	0	0	0	0	0
01:00:00	3600	0	0	0	0	0	0	0	0	0	0	0	0	0	0	0	0	0	0	0	0
01:05:00	3900	0	0	0	0	0	0	0	0	0	0	0	0	0	0	0	0	0	0	0	0
01:10:00	4200	0	0	0	0	0	0	0	0	0	0	0	0	0	0	0	0	0	0	0	0
01:15:00	4500	0	0	0	0	0	0	0	0	0	0	0	0	0	0	0	0	0	0	0	0
01:20:00	4800	0	0	0	0	0	0	0	0	0	0	0	0	0	0	0	0	0	0	0	0
01:25:00	5100	0	0	0	0	0	0	0	0	0	0	0	0	0	0	0	0	0	0	0	0
01:30:00	5400	0	0	0	0	0	0	0	0	0	0	0	0	0	0	0	0	0	0	0	0
01:35:00	5700	0	0	0	0	0	0	0	0	0	0	0	0	0	0	0	0	0	0	0	0
01:40:00	6000	0	0	0	0	0	0	0	0	0	0	0	0	0	0	0	0	0	0	0	0
01:45:00	6300	0	0	0	0	0	0	0	0	0	0	0	0	0	0	0	0	0	0	0	0
01:50:00	6600	0	0	0	0	0	0	0	0	0	0	0	0	0	0	0	0	0	0	0	0
01:55:00	6900	0	0	0	0	0	0	0	0	0	0	0	0	0	0	0	0	0	0	0	0
02:00:00	7200	0	0	0	0	0	0	0	0	0	0	0	0	0	0	0	0	0	0	0	0
02:05:00	7500	0	0	0	0	0	0	0	0	0	0	0	0	0	0	0	0	0	0	0	0
02:10:00	7800	0	0	0	0	0	0	0	0	0	0	0	0	0	0	0	0	0	0	0	0
02:15:00	8100	0	0	0	0	0	0	0	0	0	0	0	0	0	0	0	0	0	0	0	0
02:20:00	8400	0	0	0	0	0	0	0	0	0	0	0	0	0	0	0	0	0	0	0	0
02:25:00	8700	0	0	0	0	0	0	0	0	0	0	0	0	0	0	0	0	0	0	0	0
02:30:00	9000	0	0	0	0	0	0	0	0	0	0	0	0	0	0	0	0	0	0	0	0
02:35:00	9300	0	0	0	0	0	0	0	0	0	0	0	0	0	0	0	0	0	0	0	0
02:40:00	9600	0	0	0	0	0	0	0	0	0	0	0	0	0	0	0	0	0	0	0	0
02:45:00	9900	0	0	0	0	0	0	0	0	0	0	0	0	0	0	0	0	0	0	0	0
02:50:00	10200	0	0	0	0	0	0	0	0	0	0	0	0	0	0	0	0	0	0	0	0
02:55:00	10500	0	0	0	0	0	0	0	0	0	0	0	0	0	0	0	0	0	0	0	0
03:00:00	10800	0	0	0	0	0	0	0	0	0	0	0	0	0	0	0	0	0	0	0	0
03:05:00	11100	0	0	0	0	0	0	0	0	0	0	0	0	0	0	0	0	0	0	0	0
03:10:00	11400	0	0	0	0	0	0	0	0	0	0	0	0	0	0	0	0	0	0	0	0
03:15:00	11700	0	0	0	0	0	0	0	0	0	0	0	0	0	0	0	0	0	0	0	0
03:20:00	12000	0	0	0	0	0	0	0	0	0	0	0	0	0	0	0	0	0	0	0	0
03:25:00	12300	0	0	0	0	0	0	0	0	0	0	0	0	0	0	0	0	0	0	0	0
03:30:00	12600	0	0	0	0	0	0	0	0	0	0	0	0	0	0	0	0	0	0	0	0
03:35:00	12900	0	0	0	0	0	0	0	0	0	0	0	0	0	0	0	0	0	0	0	0
03:40:00	13200	0	0	0	0	0	0	0	0	0	0	0	0	0	0	0	0	0	0	0	0
03:45:00	13500	0	0	0	0	0	0	0	0	0	0	0	0	0	0	0	0	0	0	0	0
03:50:00	13800	0	0	0	0	0	0	0	0	0	0	0	0	0	0	0	0	0	0	0	0
03:55:00	14100	0	0	0	0	0	0	0	0	0	0	0	0	0	0	0	0	0	0	0	0
04:00:00	14400	0	0	0	0	0	0	0	0	0	0	0	0	0	0	0	0	0	0	0	0
04:05:00	14700	0	0	0	0	0	0	0	0	0	0	0	0	0	0	0	0	0	0	0	0
04:10:00	15000	0	0	0	0	0	0	0	0	0	0	0	0	0	0	0	0	0	0	0	0
04:15:00	15300	0	0	0	0	0	0	0	0	0	0	0	0	0	0	0	0	0	0	0	0
04:20:00	15600	0	0	0	0	0	0	0	0	0	0	0	0	0	0	0	0	0	0	0	0
04:25:00	15900	0	0	0	0	0	0	0	0	0	0	0	0	0	0	0	0	0	0	0	0
04:30:00	16200	0	0	0	0	0	0	0	0	0	0	0	0	0	0	0	0	0	0	0	0
04:35:00	16500	0	0	0	0	0	0	0	0	0	0	0	0	0	0	0	0	0	0	0	0
04:40:00	16800	0	0	0	0	0	0	0	0	0	0	0	0	0	0	0	0	0	0	0	0
04:45:00	17100	0	0	0	0	0	0	0	0	0	0	0	0	0	0	0	0	0	0	0	0
04:50:00	17400	0	0	0	0	0	0	0	0	0	0	0	0	0	0	0	0	0	0	0	0
04:55:00	17700	0	0	0	0	0	0	0	0	0	0	0	0	0	0	0	0	0	0	0	0
05:00:00	18000	1148	119	0	1029	21	21	0	0	42	42	0	0	0	0	0	0	1085	56	0	1029
05:05:00	18300	28	161	0	896	0	0	0	0	0	0	0	0	0	0	0	0	28	161	0	896
05:10:00	18600	28	119	0	805	0	0	0	0	0	0	0	0	0	0	0	0	28	119	0	805
05:15:00	18900	14	245	0	574	0	0	0	0	0	0	0	0	0	0	0	0	14	245	0	574
05:20:00	19200	0	259	0	315	0	0	0	0	0	0	0	0	0	0	0	0	0	259	0	315
05:25:00	19500	7	126	0	196	0	0	0	0	0	0	0	0	0	0	0	0	7	126	0	196
05:30:00	19800	7	84	0	119	0	0	0	0	0	0	0	0	0	0	0	0	7	84	0	119
05:35:00	20100	14	49	0	84	0	0	0	0	0	0	0	0	0	0	0	0	14	49	0	84
05:40:00	20400	14	49	0	49	0	0	0	0	7	7	0	0	0	0	0	0	7	42	0	49
05:45:00	20700	0	7	0	42	0	0	0	0	0	0	0	0	0	0	0	0	0	7	0	42
05:50:00	21000	7	21	0	28	0	0	0	0	0	0	0	0	0	0	0	0	7	21	0	28
05:55:00	21300	0	7	0	21	0	0	0	0	0	0	0	0	0	0	0	0	0	7	0	21
06:00:00	21600	2639	238	0	2422	49	42	0	7	77	77	0	0	0	0	0	0	2513	119	0	2415
06:05:00	21900	21	259	0	2184	0	7	0	0	0	0	0	0	0	0	0	0	21	252	0	2184
06:10:00	22200	28	469	0	1743	0	0	0	0	0	0	0	0	0	0	0	0	28	469	0	1743
06:15:00	22500	42	434	0	1351	0	0	0	0	0	0	0	0	0	0	0	0	42	434	0	1351
06:20:00	22800	35	539	0	847	0	0	0	0	0	0	0	0	0	0	0	0	35	539	0	847
06:25:00	23100	21	350	0	518	7	0	0	7	0	0	0	0	0	0	0	0	14	350	0	511
06:30:00	23400	35	245	0	308	7	7	0	7	7	7	0	0	0	0	0	0	21	231	0	301
06:35:00	23700	7	154	0	161	0	0	0	7	0	0	0	0	0	0	0	0	7	154	0	154
06:40:00	24000	7	56	0	112	0	7	0	0	0	0	0	0	0	0	0	0	7	49	0	112
06:45:00	24300	7	49	0	70	0	0	0	0	0	0	0	0	0	0	0	0	7	49	0	70
06:50:00	24600	0	14	0	56	0	0	0	0	0	0	0	0	0	0	0	0	0	14	0	56
06:55:00	24900	0	14	0	42	0	0	0	0	0	0	0	0	0	0	0	0	0	14	0	42
07:00:00	25200	8127	1092	0	7077	217	161	0	56	287	287	0	0	7	7	0	0	7616	637	0	7021
07:05:00	25500	70	1085	0	6062	0	56	0	0	0	0	0	0	0	0	0	0	70	1029	0	6062
07:10:00	25800	91	1127	0	5026	0	0	0	0	7	7	0	0	0	0	0	0	84	1120	0	5026
07:15:00	26100	70	1323	0	3773	0	0	0	0	0	0	0	0	0	0	0	0	70	1323	0	3773
07:20:00	26400	84	1365	0	2492	0	0	0	0	0	0	0	0	0	0	0	0	84	1365	0	2492
07:25:00	26700	49	994	0	1547	7	0	0	7	0	0	0	0	0	0	0	0	42	994	0	1540
07:30:00	27000	77	672	0	952	7	14	0	0	0	0	0	0	0	0	0	0	70	658	0	952
07:35:00	27300	42	469	0	525	0	0	0	0	0	0	0	0	0	0	0	0	42	469	0	525
07:40:00	27600	28	259	0	294	7	7	0	0	0	0	0	0	0	0	0	0	21	252	0	294
07:45:00	27900	21	112	0	203	0	0	0	0	0	0	0	0	0	0	0	0	21	112	0	203
07:50:00	28200	0	70	0	133	0	0	0	0	0	0	0	0	0	0	0	0	0	70	0	133
07:55:00	28500	14	42	0	105	0	0	0	0	0	0	0	0	0	0	0	0	14	42	0	105
08:00:00	28800	8939	1169	0	7875	273	182	0	91	294	294	0	0	0	0	0	0	8372	693	0	7784
08:05:00	29100	161	1281	0	6755	14	98	0	7	0	0	0	0	0	0	0	0	147	1183	0	6748
08:10:00	29400	210	1288	0	5677	7	7	0	7	0	0	0	0	0	0	0	0	203	1281	0	5670
08:15:00	29700	196	1589	0	4284	0	7	0	0	35	35	0	0	0	0	0	0	161	1547	0	4284
08:20:00	30000	175	1442	0	3017	0	0	0	0	0	0	0	0	0	0	0	0	175	1442	0	3017
08:25:00	30300	147	1260	0	1904	0	0	0	0	7	7	0	0	0	0	0	0	140	1253	0	1904
08:30:00	30600	119	735	0	1288	0	0	0	0	7	7	0	0	0	0	0	0	112	728	0	1288
08:35:00	30900	77	609	0	756	0	0	0	0	0	0	0	0	0	0	0	0	77	609	0	756
08:40:00	31200	77	336	0	497	0	0	0	0	7	7	0	0	0	0	0	0	70	329	0	497
08:45:00	31500	7	140	0	364	0	0	0	0	0	0	0	0	0	0	0	0	7	140	0	364
08:50:00	31800	63	168	0	259	0	0	0	0	0	0	0	0	0	0	0	0	63	168	0	259
08:55:00	32100	7	70	0	196	0	0	0	0	0	0	0	0	0	0	0	0	7	70	0	196
09:00:00	32400	4529	644	0	4081	119	98	0	21	168	168	0	0	0	0	0	0	4242	378	0	4060
09:05:00	32700	56	567	0	3570	0	21	0	0	0	0	0	0	0	0	0	0	56	546	0	3570
09:10:00	33000	63	595	0	3038	0	0	0	0	0	0	0	0	0	0	0	0	63	595	0	3038
09:15:00	33300	161	966	0	2233	0	0	0	0	0	0	0	0	0	0	0	0	161	966	0	2233
09:20:00	33600	126	763	0	1596	7	7	0	0	0	0	0	0	0	0	0	0	119	756	0	1596
09:25:00	33900	70	651	0	1015	0	0	0	0	0	0	0	0	0	0	0	0	70	651	0	1015
09:30:00	34200	91	385	0	721	0	0	0	0	0	0	0	0	0	0	0	0	91	385	0	721
09:35:00	34500	28	322	0	427	0	0	0	0	0	0	0	0	0	0	0	0	28	322	0	427
09:40:00	34800	14	154	0	287	0	0	0	0	0	0	0	0	0	0	0	0	14	154	0	287
09:45:00	35100	35	91	0	231	0	0	0	0	0	0	0	0	0	0	0	0	35	91	0	231
09:50:00	35400	28	84	0	175	0	0	0	0	0	0	0	0	0	0	0	0	28	84	0	175
09:55:00	35700	21	42	0	154	0	0	0	0	0	0	0	0	0	0	0	0	21	42	0	154
10:00:00	36000	5432	679	0	4907	168	98	0	70	217	217	0	0	0	0	0	0	5047	364	0	4837
10:05:00	36300	301	847	0	4361	56	105	0	21	7	7	0	0	0	0	0	0	238	735	0	4340
10:10:00	36600	252	861	0	3752	14	28	0	7	7	7	0	0	0	0	0	0	231	826	0	3745
10:15:00	36900	371	1155	0	2968	14	21	0	0	0	0	0	0	0	0	0	0	357	1134	0	2968
10:20:00	37200	357	1092	0	2233	0	0	0	0	28	28	0	0	0	0	0	0	329	1064	0	2233
10:25:00	37500	329	896	0	1666	7	0	0	7	35	21	0	14	0	0	0	0	287	875	0	1645
10:30:00	37800	175	525	0	1316	0	7	0	0	7	21	0	0	0	0	0	0	168	497	0	1316
10:35:00	38100	238	546	0	1008	7	0	0	7	0	0	0	0	0	0	0	0	231	546	0	1001
10:40:00	38400	119	399	0	728	14	7	0	14	0	0	0	0	0	0	0	0	105	392	0	714
10:45:00	38700	168	294	0	602	7	21	0	0	0	0	0	0	0	0	0	0	161	273	0	602
10:50:00	39000	63	105	0	560	0	0	0	0	0	0	0	0	0	0	0	0	63	105	0	560
10:55:00	39300	56	154	0	462	0	0	0	0	0	0	0	0	0	0	0	0	56	154	0	462
11:00:00	39600	5033	840	0	4655	182	133	0	49	140	133	0	7	0	0	0	0	4711	574	0	4599
11:05:00	39900	238	658	0	4235	0	49	0	0	7	14	0	0	0	0	0	0	231	595	0	4235
11:10:00	40200	259	784	0	3710	0	0	0	0	7	7	0	0	0	0	0	0	252	777	0	3710
11:15:00	40500	315	1071	0	2954	21	7	0	14	14	14	0	0	0	0	0	0	280	1050	0	2940
11:20:00	40800	350	1057	0	2247	28	35	0	7	14	14	0	0	0	0	0	0	308	1008	0	2240
11:25:00	41100	329	938	0	1638	0	7	0	0	14	7	0	7	0	0	0	0	315	924	0	1631
11:30:00	41400	161	504	0	1295	0	0	0	0	0	7	0	0	0	0	0	0	161	497	0	1295
11:35:00	41700	203	476	0	1022	7	7	0	0	0	0	0	0	0	0	0	0	196	469	0	1022
11:40:00	42000	140	350	0	812	0	0	0	0	0	0	0	0	0	0	0	0	140	350	0	812
11:45:00	42300	49	210	0	651	0	0	0	0	0	0	0	0	0	0	0	0	49	210	0	651
11:50:00	42600	77	189	0	539	0	0	0	0	0	0	0	0	0	0	0	0	77	189	0	539
11:55:00	42900	56	161	0	434	0	0	0	0	0	0	0	0	0	0	0	0	56	161	0	434
12:00:00	43200	5747	819	0	5362	217	126	0	91	175	168	0	7	0	0	0	0	5355	525	0	5264
12:05:00	43500	203	805	0	4760	0	84	0	7	0	7	0	0	0	0	0	0	203	714	0	4753
12:10:00	43800	322	896	0	4186	7	7	0	7	7	7	0	0	0	0	0	0	308	882	0	4179
12:15:00	44100	245	1211	0	3220	0	7	0	0	28	28	0	0	0	0	0	0	217	1176	0	3220
12:20:00	44400	273	1197	0	2296	0	0	0	0	0	0	0	0	0	0	0	0	273	1197	0	2296
12:25:00	44700	175	875	0	1596	0	0	0	0	0	0	0	0	0	0	0	0	175	875	0	1596
12:30:00	45000	252	546	0	1302	0	0	0	0	7	7	0	0	0	0	0	0	245	539	0	1302
12:35:00	45300	105	427	0	980	0	0	0	0	0	0	0	0	0	0	0	0	105	427	0	980
12:40:00	45600	105	392	0	693	0	0	0	0	0	0	0	0	0	0	0	0	105	392	0	693
12:45:00	45900	63	154	0	602	0	0	0	0	0	0	0	0	0	0	0	0	63	154	0	602
12:50:00	46200	77	175	0	504	0	0	0	0	7	7	0	0	0	0	0	0	70	168	0	504
12:55:00	46500	49	140	0	413	0	0	0	0	0	0	0	0	0	0	0	0	49	140	0	413
13:00:00	46800	5586	931	0	5068	210	126	0	84	231	231	0	0	0	0	0	0	5145	574	0	4984
13:05:00	47100	343	742	0	4669	28	91	0	21	21	21	0	0	0	0	0	0	294	630	0	4648
13:10:00	47400	392	931	0	4130	14	14	0	21	21	21	0	0	0	0	0	0	357	896	0	4109
13:15:00	47700	462	1204	0	3388	7	21	0	7	21	21	0	0	0	0	0	0	434	1162	0	3381
13:20:00	48000	427	1169	0	2646	0	7	0	0	7	7	0	0	0	0	0	0	420	1155	0	2646
13:25:00	48300	462	959	0	2149	0	0	0	0	21	21	0	0	0	0	0	0	441	938	0	2149
13:30:00	48600	329	805	0	1673	0	0	0	0	35	28	0	7	0	0	0	0	294	777	0	1666
13:35:00	48900	210	483	0	1400	0	0	0	0	7	7	0	7	0	0	0	0	203	476	0	1393
13:40:00	49200	252	511	0	1141	0	0	0	0	21	21	0	7	0	0	0	0	231	490	0	1134
13:45:00	49500	119	343	0	917	0	0	0	0	0	7	0	0	0	0	0	0	119	336	0	917
13:50:00	49800	63	189	0	791	0	0	0	0	0	0	0	0	0	0	0	0	63	189	0	791
13:55:00	50100	105	203	0	693	0	0	0	0	0	0	0	0	0	0	0	0	105	203	0	693
14:00:00	50400	4739	791	0	4641	203	133	0	70	119	119	0	0	0	0	0	0	4417	539	0	4571
14:05:00	50700	308	910	0	4039	7	70	0	7	7	0	0	7	0	0	0	0	294	840	0	4025
14:10:00	51000	427	1036	0	3430	7	7	0	7	14	14	0	7	0	0	0	0	406	1015	0	3416
14:15:00	51300	441	1106	0	2765	7	7	0	7	28	28	0	7	0	0	0	0	406	1071	0	2751
14:20:00	51600	350	1036	0	2079	0	7	0	0	14	21	0	0	0	0	0	0	336	1008	0	2079
14:25:00	51900	322	714	0	1687	0	0	0	0	14	14	0	0	0	0	0	0	308	700	0	1687
14:30:00	52200	203	560	0	1330	0	0	0	0	7	7	0	0	0	0	0	0	196	553	0	1330
14:35:00	52500	203	434	0	1099	0	0	0	0	7	7	0	0	0	0	0	0	196	427	0	1099
14:40:00	52800	175	329	0	945	0	0	0	0	0	0	0	0	0	0	0	0	175	329	0	945
14:45:00	53100	133	280	0	798	0	0	0	0	0	0	0	0	0	0	0	0	133	280	0	798
14:50:00	53400	182	287	0	693	0	0	0	0	0	0	0	0	0	0	0	0	182	287	0	693
14:55:00	53700	77	203	0	567	0	0	0	0	0	0	0	0	0	0	0	0	77	203	0	567
15:00:00	54000	4676	742	0	4501	119	91	0	28	175	175	0	0	0	0	0	0	4382	476	0	4473
15:05:00	54300	252	784	0	3969	7	28	0	7	28	28	0	0	0	0	0	0	217	728	0	3962
15:10:00	54600	203	819	0	3353	0	7	0	0	0	0	0	0	0	0	0	0	203	812	0	3353
15:15:00	54900	266	1001	0	2618	0	0	0	0	7	7	0	0	0	0	0	0	259	994	0	2618
15:20:00	55200	343	945	0	2016	21	14	0	7	7	7	0	0	0	0	0	0	315	924	0	2009
15:25:00	55500	357	882	0	1491	0	7	0	0	14	14	0	0	0	0	0	0	343	861	0	1491
15:30:00	55800	133	420	0	1204	0	0	0	0	0	0	0	0	0	0	0	0	133	420	0	1204
15:35:00	56100	154	392	0	966	0	0	0	0	0	0	0	0	0	0	0	0	154	392	0	966
15:40:00	56400	147	280	0	833	0	0	0	0	0	0	0	0	0	0	0	0	147	280	0	833
15:45:00	56700	112	217	0	728	0	0	0	0	0	0	0	0	0	0	0	0	112	217	0	728
15:50:00	57000	112	238	0	602	0	0	0	0	14	14	0	0	0	0	0	0	98	224	0	602
15:55:00	57300	70	161	0	511	0	0	0	0	0	0	0	0	0	0	0	0	70	161	0	511
16:00:00	57600	4193	868	0	3836	140	91	0	49	245	245	0	0	0	0	0	0	3808	532	0	3787
16:05:00	57900	224	637	0	3423	14	49	0	14	14	7	0	7	0	0	0	0	196	581	0	3402
16:10:00	58200	203	714	0	2912	7	21	0	0	0	7	0	0	0	0	0	0	196	686	0	2912
16:15:00	58500	357	854	0	2415	0	0	0	0	28	21	0	7	0	0	0	0	329	833	0	2408
16:20:00	58800	350	966	0	1799	0	0	0	0	7	7	0	7	0	0	0	0	343	959	0	1792
16:25:00	59100	238	595	0	1442	7	0	0	7	0	7	0	0	0	0	0	0	231	588	0	1435
16:30:00	59400	182	532	0	1092	28	28	0	7	0	0	0	0	0	0	0	0	154	504	0	1085
16:35:00	59700	119	301	0	910	0	0	0	7	0	0	0	0	0	0	0	0	119	301	0	903
16:40:00	60000	105	308	0	707	7	7	0	7	0	0	0	0	0	0	0	0	98	301	0	700
16:45:00	60300	140	273	0	574	7	14	0	0	0	0	0	0	0	0	0	0	133	259	0	574
16:50:00	60600	63	112	0	525	0	0	0	0	0	0	0	0	0	0	0	0	63	112	0	525
16:55:00	60900	77	210	0	392	0	0	0	0	0	0	0	0	0	0	0	0	77	210	0	392
17:00:00	61200	5026	728	0	4690	182	133	0	49	189	189	0	0	0	0	0	0	4655	406	0	4641
17:05:00	61500	371	875	0	4186	14	49	0	14	14	14	0	0	0	0	0	0	343	812	0	4172
17:10:00	61800	322	889	0	3619	0	7	0	7	21	21	0	0	0	0	0	0	301	861	0	3612
17:15:00	62100	441	1008	0	3052	7	7	0	7	14	14	0	0	14	14	0	0	406	973	0	3045
17:20:00	62400	490	1197	0	2345	0	0	0	7	14	14	0	0	0	0	0	0	476	1183	0	2338
17:25:00	62700	287	805	0	1827	0	7	0	0	21	21	0	0	0	0	0	0	266	777	0	1827
17:30:00	63000	287	693	0	1421	0	0	0	0	14	14	0	0	0	0	0	0	273	679	0	1421
17:35:00	63300	252	504	0	1169	7	0	0	7	14	14	0	0	0	0	0	0	231	490	0	1162
17:40:00	63600	98	245	0	1022	7	14	0	0	0	0	0	0	0	0	0	0	91	231	0	1022
17:45:00	63900	133	315	0	840	0	0	0	0	0	0	0	0	0	0	0	0	133	315	0	840
17:50:00	64200	147	294	0	693	0	0	0	0	7	7	0	0	0	0	0	0	140	287	0	693
17:55:00	64500	161	273	0	581	7	0	0	7	14	7	0	7	0	0	0	0	140	266	0	567
18:00:00	64800	5320	826	0	5075	126	84	0	49	210	217	0	0	21	21	0	0	4963	504	0	5026
18:05:00	65100	343	889	0	4529	28	63	0	14	7	7	0	0	0	0	0	0	308	819	0	4515
18:10:00	65400	357	987	0	3899	0	14	0	0	21	14	0	7	0	0	0	0	336	959	0	3892
18:15:00	65700	497	1169	0	3227	0	0	0	0	21	28	0	0	0	0	0	0	476	1141	0	3227
18:20:00	66000	448	1071	0	2604	7	0	0	7	14	14	0	0	0	0	0	0	427	1057	0	2597
18:25:00	66300	392	875	0	2121	0	7	0	0	7	0	0	7	0	0	0	0	385	868	0	2114
18:30:00	66600	238	651	0	1708	7	0	0	7	7	14	0	0	0	0	0	0	224	637	0	1701
18:35:00	66900	273	553	0	1428	7	0	0	14	7	7	0	0	0	0	0	0	259	546	0	1414
18:40:00	67200	280	553	0	1155	0	14	0	0	7	7	0	0	0	0	0	0	273	532	0	1155
18:45:00	67500	161	329	0	987	0	0	0	0	0	0	0	0	0	0	0	0	161	329	0	987
18:50:00	67800	161	266	0	882	0	0	0	0	0	0	0	0	0	0	0	0	161	266	0	882
18:55:00	68100	119	238	0	763	0	0	0	0	7	7	0	0	0	0	0	0	112	231	0	763
19:00:00	68400	2583	518	0	2828	77	49	0	28	119	119	0	0	7	7	0	0	2380	343	0	2800
19:05:00	68700	343	595	0	2576	14	35	0	7	28	28	0	0	0	0	0	0	301	532	0	2569
19:10:00	69000	350	588	0	2338	14	14	0	7	7	7	0	0	0	0	0	0	329	567	0	2331
19:15:00	69300	308	679	0	1967	14	14	0	7	7	7	0	0	0	0	0	0	287	658	0	1960
19:20:00	69600	343	644	0	1666	7	0	0	14	14	14	0	0	0	0	0	0	322	630	0	1652
19:25:00	69900	287	483	0	1470	0	7	0	7	14	14	0	0	0	0	0	0	273	462	0	1463
19:30:00	70200	210	490	0	1190	0	7	0	0	0	0	0	0	0	0	0	0	210	483	0	1190
19:35:00	70500	245	399	0	1036	7	0	0	7	21	21	0	0	0	0	0	0	217	378	0	1029
19:40:00	70800	168	343	0	861	7	7	0	7	14	14	0	0	0	0	0	0	147	322	0	854
19:45:00	71100	112	182	0	791	0	7	0	0	0	0	0	0	0	0	0	0	112	175	0	791
19:50:00	71400	140	273	0	658	0	0	0	0	0	0	0	0	0	0	0	0	140	273	0	658
19:55:00	71700	112	161	0	609	7	0	0	7	0	0	0	0	0	0	0	0	105	161	0	602
20:00:00	72000	2730	595	0	2744	70	28	0	49	140	140	0	0	14	14	0	0	2506	413	0	2695
20:05:00	72300	210	490	0	2464	7	42	0	14	14	7	0	7	0	0	0	0	189	441	0	2443
20:10:00	72600	308	574	0	2198	7	21	0	0	14	21	0	0	0	0	0	0	287	532	0	2198
20:15:00	72900	350	609	0	1939	7	0	0	7	0	0	0	0	0	0	0	0	343	609	0	1932
20:20:00	73200	336	616	0	1659	0	7	0	0	14	7	0	7	0	0	0	0	322	602	0	1652
20:25:00	73500	238	511	0	1386	0	0	0	0	0	7	0	0	0	0	0	0	238	504	0	1386
20:30:00	73800	259	504	0	1141	0	0	0	0	7	0	0	7	0	0	0	0	252	504	0	1134
20:35:00	74100	203	322	0	1022	0	0	0	0	0	7	0	0	0	0	0	0	203	315	0	1022
20:40:00	74400	105	210	0	917	0	0	0	0	0	0	0	0	0	0	0	0	105	210	0	917
20:45:00	74700	182	336	0	763	0	0	0	0	0	0	0	0	0	0	0	0	182	336	0	763
20:50:00	75000	112	217	0	658	0	0	0	0	0	0	0	0	0	0	0	0	112	217	0	658
20:55:00	75300	126	231	0	553	0	0	0	0	28	28	0	0	0	0	0	0	98	203	0	553
21:00:00	75600	2912	588	0	2877	98	42	0	56	133	133	0	0	0	0	0	0	2681	413	0	2821
21:05:00	75900	315	567	0	2625	35	63	0	28	7	7	0	0	0	0	0	0	273	497	0	2597
21:10:00	76200	448	658	0	2415	28	35	0	21	14	14	0	0	0	0	0	0	406	609	0	2394
21:15:00	76500	455	763	0	2107	14	21	0	14	7	7	0	0	0	0	0	0	434	735	0	2093
21:20:00	76800	413	693	0	1827	0	14	0	0	28	21	0	7	0	0	0	0	385	658	0	1820
21:25:00	77100	322	546	0	1603	0	0	0	0	7	14	0	0	0	0	0	0	315	532	0	1603
21:30:00	77400	308	483	0	1428	0	0	0	0	7	7	0	0	0	0	0	0	301	476	0	1428
21:35:00	77700	273	385	0	1316	0	0	0	0	14	14	0	0	0	0	0	0	259	371	0	1316
21:40:00	78000	224	427	0	1113	0	0	0	0	21	14	0	7	0	0	0	0	203	413	0	1106
21:45:00	78300	210	336	0	987	0	0	0	0	28	28	0	7	0	0	0	0	182	308	0	980
21:50:00	78600	154	245	0	896	0	0	0	0	14	14	0	7	0	0	0	0	140	231	0	889
21:55:00	78900	175	266	0	805	0	0	0	0	7	7	0	7	0	0	0	0	168	259	0	798
22:00:00	79200	889	336	0	1358	49	21	0	28	42	49	0	0	0	0	0	0	798	266	0	1330
22:05:00	79500	210	315	0	1253	7	21	0	14	0	0	0	0	0	0	0	0	203	294	0	1239
22:10:00	79800	182	336	0	1099	0	7	0	7	0	0	0	0	0	0	0	0	182	329	0	1092
22:15:00	80100	203	322	0	980	0	7	0	0	14	14	0	0	0	0	0	0	189	301	0	980
22:20:00	80400	210	329	0	861	21	7	0	14	0	0	0	0	0	0	0	0	189	322	0	847
22:25:00	80700	147	322	0	686	7	14	0	7	0	0	0	0	0	0	0	0	140	308	0	679
22:30:00	81000	105	196	0	595	21	21	0	7	7	7	0	0	0	0	0	0	77	168	0	588
22:35:00	81300	105	140	0	560	14	14	0	7	0	0	0	0	0	0	0	0	91	126	0	553
22:40:00	81600	98	175	0	483	0	7	0	0	14	14	0	0	0	0	0	0	84	154	0	483
22:45:00	81900	77	147	0	413	0	0	0	0	0	0	0	0	0	0	0	0	77	147	0	413
22:50:00	82200	28	70	0	371	0	0	0	0	0	0	0	0	0	0	0	0	28	70	0	371
22:55:00	82500	70	147	0	294	0	0	0	0	0	0	0	0	0	0	0	0	70	147	0	294
23:00:00	82800	623	126	0	791	21	14	0	7	21	21	0	0	0	0	0	0	581	91	0	784
23:05:00	83100	119	161	0	749	0	7	0	0	21	14	0	7	0	0	0	0	98	140	0	742
23:10:00	83400	126	189	0	686	0	0	0	0	0	7	0	0	0	0	0	0	126	182	0	686
23:15:00	83700	140	203	0	623	7	0	0	7	0	0	0	0	0	0	0	0	133	203	0	616
23:20:00	84000	133	189	0	567	7	14	0	0	7	7	0	0	0	0	0	0	119	168	0	567
23:25:00	84300	105	175	0	497	0	0	0	0	0	0	0	0	0	0	0	0	105	175	0	497
23:30:00	84600	98	126	0	469	7	0	0	7	0	0	0	0	0	0	0	0	91	126	0	462
23:35:00	84900	98	147	0	420	7	7	0	7	0	0	0	0	0	0	0	0	91	140	0	413
23:40:00	85200	84	161	0	343	0	7	0	0	0	0	0	0	0	0	0	0	84	154	0	343
23:45:00	85500	77	126	0	294	0	0	0	0	0	0	0	0	0	0	0	0	77	126	0	294
23:50:00	85800	42	56	0	280	0	0	0	0	0	0	0	0	0	0	0	0	42	56	0	280
23:55:00	86100	21	49	0	252	0	0	0	0	0	0	0	0	0	0	0	0	21	49	0	252
24:00:00	86400	63	98	0	217	0	0	0	0	0	0	0	0	0	0	0	0	63	98	0	217
24:05:00	86700	35	84	0	168	0	0	0	0	0	0	0	0	0	0	0	0	35	84	0	168
24:10:00	87000	28	42	0	154	0	0	0	0	0	0	0	0	0	0	0	0	28	42	0	154
24:15:00	87300	21	42	0	133	0	0	0	0	14	14	0	0	0	0	0	0	7	28	0	133
24:20:00	87600	21	56	0	98	0	0	0	0	0	0	0	0	0	0	0	0	21	56	0	98
24:25:00	87900	0	7	0	91	0	0	0	0	0	0	0	0	0	0	0	0	0	7	0	91
24:30:00	88200	14	28	0	77	0	0	0	0	0	0	0	0	0	0	0	0	14	28	0	77
24:35:00	88500	0	28	0	49	0	0	0	0	0	0	0	0	0	0	0	0	0	28	0	49
24:40:00	88800	7	28	0	28	0	0	0	0	0	0	0	0	0	0	0	0	7	28	0	28
24:45:00	89100	7	7	0	28	0	0	0	0	0	0	0	0	0	0	0	0	7	7	0	28
24:50:00	89400	0	0	0	28	0	0	0	0	0	0	0	0	0	0	0	0	0	0	0	28
24:55:00	89700	0	7	0	21	0	0	0	0	0	0	0	0	0	0	0	0	0	7	0	21
25:00:00	90000	7	7	0	21	0	0	0	0	0	0	0	0	0	0	0	0	7	7	0	21
25:05:00	90300	0	0	0	21	0	0	0	0	0	0	0	0	0	0	0	0	0	0	0	21
25:10:00	90600	0	7	0	14	0	0	0	0	0	0	0	0	0	0	0	0	0	7	0	14
25:15:00	90900	7	7	0	14	0	0	0	0	0	0	0	0	0	0	0	0	7	7	0	14
25:20:00	91200	7	7	0	14	0	0	0	0	0	0	0	0	0	0	0	0	7	7	0	14
25:25:00	91500	0	7	0	7	0	0	0	0	0	0	0	0	0	0	0	0	0	7	0	7
25:30:00	91800	0	0	0	7	0	0	0	0	0	0	0	0	0	0	0	0	0	0	0	7
25:35:00	92100	0	0	0	7	0	0	0	0	0	0	0	0	0	0	0	0	0	0	0	7
25:40:00	92400	0	0	0	7	0	0	0	0	0	0	0	0	0	0	0	0	0	0	0	7
25:45:00	92700	0	0	0	7	0	0	0	0	0	0	0	0	0	0	0	0	0	0	0	7
25:50:00	93000	0	0	0	7	0	0	0	0	0	0	0	0	0	0	0	0	0	0	0	7
25:55:00	93300	0	0	0	7	0	0	0	0	0	0	0	0	0	0	0	0	0	0	0	7
26:00:00	93600	0	0	0	7	0	0	0	0	0	0	0	0	0	0	0	0	0	0	0	7
26:05:00	93900	0	0	0	7	0	0	0	0	0	0	0	0	0	0	0	0	0	0	0	7
26:10:00	94200	7	7	0	7	0	0	0	0	0	0	0	0	0	0	0	0	7	7	0	7
26:15:00	94500	0	0	0	7	0	0	0	0	0	0	0	0	0	0	0	0	0	0	0	7
26:20:00	94800	0	0	0	7	0	0	0	0	0	0	0	0	0	0	0	0	0	0	0	7
26:25:00	95100	0	0	0	7	0	0	0	0	0	0	0	0	0	0	0	0	0	0	0	7
26:30:00	95400	0	0	0	7	0	0	0	0	0	0	0	0	0	0	0	0	0	0	0	7
26:35:00	95700	0	0	0	7	0	0	0	0	0	0	0	0	0	0	0	0	0	0	0	7
26:40:00	96000	0	0	0	7	0	0	0	0	0	0	0	0	0	0	0	0	0	0	0	7
26:45:00	96300	7	7	0	7	0	0	0	0	0	0	0	0	0	0	0	0	7	7	0	7
26:50:00	96600	0	0	0	7	0	0	0	0	0	0	0	0	0	0	0	0	0	0	0	7
26:55:00	96900	7	7	0	7	0	0	0	0	0	0	0	0	0	0	0	0	7	7	0	7
27:00:00	97200	0	0	0	7	0	0	0	0	0	0	0	0	0	0	0	0	0	0	0	7
27:05:00	97500	7	7	0	7	0	0	0	0	0	0	0	0	0	0	0	0	7	7	0	7
27:10:00	97800	0	0	0	7	0	0	0	0	0	0	0	0	0	0	0	0	0	0	0	7
27:15:00	98100	0	0	0	7	0	0	0	0	0	0	0	0	0	0	0	0	0	0	0	7
27:20:00	98400	0	7	0	0	0	0	0	0	0	0	0	0	0	0	0	0	0	7	0	0
27:25:00	98700	0	0	0	0	0	0	0	0	0	0	0	0	0	0	0	0	0	0	0	0
27:30:00	99000	0	0	0	0	0	0	0	0	0	0	0	0	0	0	0	0	0	0	0	0
27:35:00	99300	0	0	0	0	0	0	0	0	0	0	0	0	0	0	0	0	0	0	0	0
27:40:00	99600	0	0	0	0	0	0	0	0	0	0	0	0	0	0	0	0	0	0	0	0
27:45:00	99900	0	0	0	0	0	0	0	0	0	0	0	0	0	0	0	0	0	0	0	0
27:50:00	100200	0	0	0	0	0	0	0	0	0	0	0	0	0	0	0	0	0	0	0	0
27:55:00	100500	0	0	0	0	0	0	0	0	0	0	0	0	0	0	0	0	0	0	0	0
28:00:00	100800	0	0	0	0	0	0	0	0	0	0	0	0	0	0	0	0	0	0	0	0
28:05:00	101100	0	0	0	0	0	0	0	0	0	0	0	0	0	0	0	0	0	0	0	0
28:10:00	101400	0	0	0	0	0	0	0	0	0	0	0	0	0	0	0	0	0	0	0	0
28:15:00	101700	0	0	0	0	0	0	0	0	0	0	0	0	0	0	0	0	0	0	0	0
28:20:00	102000	0	0	0	0	0	0	0	0	0	0	0	0	0	0	0	0	0	0	0	0
28:25:00	102300	0	0	0	0	0	0	0	0	0	0	0	0	0	0	0	0	0	0	0	0
28:30:00	102600	0	0	0	0	0	0	0	0	0	0	0	0	0	0	0	0	0	0	0	0
28:35:00	102900	0	0	0	0	0	0	0	0	0	0	0	0	0	0	0	0	0	0	0	0
28:40:00	103200	0	0	0	0	0	0	0	0	0	0	0	0	0	0	0	0	0	0	0	0
28:45:00	103500	0	0	0	0	0	0	0	0	0	0	0	0	0	0	0	0	0	0	0	0
28:50:00	103800	0	0	0	0	0	0	0	0	0	0	0	0	0	0	0	0	0	0	0	0
28:55:00	104100	0	0	0	0	0	0	0	0	0	0	0	0	0	0	0	0	0	0	0	0
29:00:00	104400	0	0	0	0	0	0	0	0	0	0	0	0	0	0	0	0	0	0	0	0
29:05:00	104700	0	0	0	0	0	0	0	0	0	0	0	0	0	0	0	0	0	0	0	0
29:10:00	105000	0	0	0	0	0	0	0	0	0	0	0	0	0	0	0	0	0	0	0	0
29:15:00	105300	0	0	0	0	0	0	0	0	0	0	0	0	0	0	0	0	0	0	0	0
29:20:00	105600	0	0	0	0	0	0	0	0	0	0	0	0	0	0	0	0	0	0	0	0
29:25:00	105900	0	0	0	0	0	0	0	0	0	0	0	0	0	0	0	0	0	0	0	0
29:30:00	106200	0	0	0	0	0	0	0	0	0	0	0	0	0	0	0	0	0	0	0	0
29:35:00	106500	0	0	0	0	0	0	0	0	0	0	0	0	0	0	0	0	0	0	0	0
29:40:00	106800	0	0	0	0	0	0	0	0	0	0	0	0	0	0	0	0	0	0	0	0
29:45:00	107100	0	0	0	0	0	0	0	0	0	0	0	0	0	0	0	0	0	0	0	0
29:50:00	107400	0	0	0	0	0	0	0	0	0	0	0	0	0	0	0	0	0	0	0	0
29:55:00	107700	0	0	0	0	0	0	0	0	0	0	0	0	0	0	0	0	0	0	0	0
30:00:00	108000	0	0	0	0	0	0	0	0	0	0	0	0	0	0	0	0	0	0	0	0
30:05:00	108300	0	0	0	0	0	0	0	0	0	0	0	0	0	0	0	0	0	0	0	0
